global x
x =[0.7029    0.7406    0.8410    0.9289    1.0042    1.2803    1.4059    1.6444    1.8577    2.2092    2.5105    2.7992  2.9121    3.2762    4.1297    4.5314    4.9958    5.5607    5.8243];

global fx
fx =[41.1540   49.5515   65.5448   78.3389   95.5339  130.7155  137.5071  135.8912  125.8770  108.2536   91.0335   75.4142 57.4067   49.7824   28.9255   23.6987   16.0678   13.2301   11.2126];

k=1.38*10^(-23);
T=1845;
c=3*10^8;
% N=size(x,2);


% I = @(A,h,i) A/(x(i)^5*(exp((h*c)/(k*T*x(i))) - 1));

y=fminsearch(@cost,[1*10^-5,10^-33]);
y(2)
